220.715
126.454
-77.403
319.579
199.139
411.704
138.193
-63.984
417.207
102.531
-15.526
-488.756
-316.515
425.320
161.453
459.894
402.614
460.698
468.451
296.605
51.753
135.537
-338.491
342.345
-224.375
230.973
-345.258
-342.610
-458.652
-340.059
496.134
262.063
286.395
-81.269
81.642
-14.466
-169.564
-280.165
421.550
-252.357
322.366
-93.976
-241.113
-494.149
-168.656
420.340
465.746
-266.042
381.038
434.196
-469.437
-67.209
69.733
-307.929
-224.864
345.359
423.044
-70.122
-497.251
464.392
89.819
498.883
226.455
-123.786
-82.386
-191.903
361.748
248.049
27.933
283.298
495.692
-149.701
-310.678
-245.421
-143.850
20.666
-325.081
-178.104
254.624
-444.043
-243.908
285.186
-11.252
325.825
477.258
263.884
171.184
400.302
-306.238
173.933
364.693
283.581
172.816
91.148
-340.206
-409.570
399.246
-478.458
338.479
-72.822
304.840
334.172
277.477
494.162
-411.249
-366.373
14.827
-236.330
-44.478
-230.549
-180.372
211.614
-445.363
308.376
37.440
-468.105
72.260
-291.376
432.197
266.022
382.556
296.890
49.603
55.372
-111.962
209.397
145.802
-212.716
230.939
-15.719
214.462
35.779
-181.547
-8.061
29.940
-92.796
125.566
-455.232
170.875
-418.911
-185.781
490.502
292.703
-131.144
298.878
-169.857
-99.249
-128.862
38.766
-167.052
-362.840
-78.677
-370.162
186.763
476.695
17.877
-103.840
122.497
305.161
-372.902
-393.221
19.623
162.877
-74.768
-488.438
-307.183
332.436
137.129
-262.415
3.311
218.217
51.804
-6.187
10.920
420.660
-207.309
341.063
-178.589
163.829
-120.171
154.359
300.990
301.152
284.197
-12.248
277.848
-197.927
383.912
-99.655
-392.766
-488.990
7.124
126.857
173.887
432.355
138.420
366.705
264.791
-224.452
-395.710
-231.898
493.765
156.093
261.915
4.685
76.753
-445.394
-154.252
398.164
218.436
225.578
52.523
19.426
26.730
-163.280
-492.822
-195.422
138.793
391.090
204.923
246.027
402.101
-287.954
-127.116
75.988
-355.598
-488.696
-57.307
409.193
-213.148
46.983
-322.705
-219.383
-296.924
439.211
285.303
279.829
493.817
-368.949
177.993
212.253
356.629
-269.484
-268.322
-116.641
67.235
-261.144
187.937
-293.971
-370.054
-107.140
452.056
-467.953
104.906
-175.060
108.035
249.308
-163.756
-449.272
158.501
123.096
97.710
335.796
403.714
300.786
275.007
189.016
80.615
268.824
320.068
-241.392
-18.923
176.697
-10.877
212.755
-439.944
-443.641
451.611
247.993
-237.613
-418.442
-359.147
-285.557
-386.395
245.759
39.383
221.640
-4.933
375.628
272.368
-346.432
-1.276
-129.922
489.364
-97.563
-329.136
264.371
-408.546
251.479
33.195
411.521
-489.913
-485.728
88.218
-0.790
227.027
148.274
55.569
178.639
-103.733
317.957
260.197
37.120
-467.600
373.802
-217.121
71.783
95.442
277.946
-52.589
-132.191
431.514
446.135
237.888
420.878
-151.428
408.752
185.249
-59.974
160.231
-281.555
-148.453
170.318
-267.283
439.765
-330.471
459.744
88.039
225.098
138.383
484.306
43.054
-101.420
21.426
75.454
-227.619
304.305
-352.763
367.823
82.251
94.648
-264.368
13.764
40.782
473.520
-65.358
389.354
382.271
-380.108
-170.621
42.503
-161.663
180.926
-287.179
71.054
120.691
-117.651
30.798
-291.270
-392.553
-330.819
-306.965
150.501
67.761
214.461
-274.045
340.142
18.766
-126.808
207.964
-398.984
467.840
443.596
114.781
8.622
417.116
-450.577
-102.024
299.387
-330.685
227.355
-158.110
7.651
-91.719
54.710
-421.295
-471.028
437.060
109.503
-262.298
-455.493
278.683
-69.263
195.008
-153.556
-354.802
420.963
-313.414
163.964
-205.845
394.550
264.981
-238.005
338.146
-120.239
270.616
255.262
-70.816
-331.408
54.649
98.499
395.947
396.539
-393.850
-195.772
-48.750
-315.145
-166.799
-111.691
294.357
70.902
-67.184
73.041
-498.360
-372.176
419.485
-353.162
-451.213
-393.930
310.802
-157.058
-499.380
75.783
104.936
338.767
455.544
-124.447
94.029
-115.272
44.145
-351.322
483.227
-59.908
-454.783
-410.623
244.321
-3.533
-225.768
-422.479
384.776
-431.410
148.424
-182.408
141.630
150.063
-54.584
61.115
296.901
-5.797
167.186
107.703
337.144
167.806
-316.514
-57.919
6.573
-360.970
317.634
-399.399
23.758
-138.222
-250.720
6.986
301.870
-205.503
96.363
46.191
290.964
370.595
123.712
175.740
439.185
-227.864
493.332
80.815
422.199
-61.252
-358.070
219.100
432.950
309.116
-173.197
270.095
-23.078
10.289
-287.824
483.494
149.319
-470.191
-415.904
-326.923
-108.412
-166.624
180.063
-306.542
127.872
-223.574
239.649
-81.164
-352.979
-136.639
-405.424
-413.794
135.497
-412.092
167.021
57.696
26.655
308.952
-223.204
-40.394
118.068
103.599
-270.300
-405.010
-386.112
-58.124
-421.516
263.207
-28.315
-337.420
436.285
363.273
-4.044
116.348
-443.269
-376.172
392.774
296.380
42.664
-460.205
-340.259
137.240
-373.999
295.238
225.148
293.023
-147.067
-248.197
101.975
129.729
211.409
-279.958
-266.672
441.109
-184.968
-152.783
-117.015
-106.484
-389.576
354.670
56.096
-453.292
217.942
-447.949
163.056
274.673
-324.121
55.830
71.053
218.543
95.625
230.794
-144.216
221.627
26.031
-419.069
14.649
378.965
-167.265
-383.376
8.694
-455.857
-163.334
242.022
485.252
151.698
-410.761
-131.763
-454.786
-300.337
-277.093
101.309
-253.629
440.849
153.361
409.427
215.522
329.240
-34.743
-213.425
47.783
-439.118
-482.632
403.567
282.509
43.399
484.498
-202.842
-77.636
-182.767
-86.218
431.058
-138.624
250.449
173.080
-153.372
-97.853
262.320
214.865
-52.640
461.982
437.771
-451.330
-291.646
378.620
202.030
-382.219
94.142
31.270
83.039
380.717
-420.946
143.921
398.085
482.621
-73.570
-58.515
467.119
223.588
363.849
-215.648
-362.629
294.907
145.728
387.819
-32.012
492.356
-210.034
-269.693
207.221
237.326
-307.710
144.992
285.996
-99.357
23.613
-11.974
18.425
-382.245
-480.704
-398.537
498.472
-401.650
245.384
396.558
-419.029
-328.186
-161.957
-451.910
395.403
-298.108
-167.559
-467.226
496.799
478.169
420.593
-35.214
470.525
-289.441
195.093
177.746
447.885
387.383
-177.262
233.881
-211.974
346.351
-278.093
306.451
464.106
-258.797
407.914
462.578
-160.447
153.299
359.136
-79.476
325.113
-302.821
-31.387
220.516
-100.930
301.055
253.290
-104.131
279.224
173.883
360.656
249.749
384.441
55.749
-72.505
332.326
-56.868
250.233
66.207
231.158
96.584
288.113
37.609
60.690
-470.684
-54.477
23.268
-131.131
-401.178
-117.596
289.393
423.935
79.583
-241.993
144.451
478.653
-440.939
-102.259
-125.477
338.285
-428.377
-264.822
88.034
456.065
290.927
-484.471
288.391
-265.941
265.763
-145.403
465.217
-137.653
-357.290
2.827
423.037
-327.974
448.350
-53.695
40.896
-452.828
328.709
-169.711
471.107
-91.708
88.296
115.558
-113.054
147.357
-486.701
261.468
-14.357
-415.077
496.647
-426.323
-459.013
287.574
-410.794
329.378
-478.367
354.969
-316.025
486.850
-282.684
-173.315
-10.323
-359.648
-1.289
-61.973
86.657
-460.393
-14.801
-84.633
-130.104
-43.694
323.659
458.192
-428.135
-289.396
105.549
-414.836
472.073
-408.808
-329.913
468.719
-335.131
-288.926
256.293
-245.925
-459.549
277.926
-390.956
-275.574
264.776
-173.640
51.111
-245.547
-33.288
-450.178
192.480
-446.630
-410.571
-322.321
-31.264
-40.675
133.985
-207.605
-82.483
205.850
2.999
-476.934
291.014
-24.928
-385.742
461.100
-56.208
-220.873
-327.826
-299.915
33.202
-287.375
478.011
142.247
-62.949
242.787
468.607
488.162
497.240
-64.681
-462.017
189.720
-11.312
-372.588
367.399
457.424
86.737
1.384
-250.181
-495.746
-292.766
252.819
-472.680
498.248
-272.109
-358.422
459.348
171.682
-79.295
-368.478
371.767
453.907
-155.852
349.777
96.154
281.199
92.564
64.761
269.360
89.804
-499.921
307.343
-220.476
-11.232
434.755
-353.078
-53.808
21.492
148.306
196.012
25.746
355.540
-51.170
53.066
353.788
176.721
194.644
313.136
-151.596
-384.651
444.658
-279.830
-430.743
-211.194
-430.052
165.411
-429.996
162.512
-269.829
339.364
-247.684
-269.749
146.708
31.840
219.019
81.463
178.762
-334.789
-397.045
-172.932
361.223
128.702
-317.391
-189.947
-318.232
-463.604
486.774
376.413
349.532
-164.822
491.762
294.190
55.348
-438.981
-417.004
125.296
226.430
-347.000
-212.192
456.601
492.365
40.124
-313.148
139.072
-428.036
405.871
-279.464
250.726
-428.918
-176.509
-422.205
432.305
452.193
-239.597
-257.643
-366.039
-203.201
-270.869
-489.626
-353.669
64.309
-497.864
440.522
-380.343
-436.846
-476.482
244.953
289.584
-323.482
-467.239
246.185
-331.117
72.885
433.037
307.956
144.849
338.908
-471.509
-104.425
409.990
-148.018
-26.631
342.294
-195.825
233.772
-415.348
-61.864
-469.428
-186.217
-51.490
-323.097
378.092
-49.355
-382.575
