870
715
878
839
174
814
756
468
229
907
497
890
81
280
104
469
421
405
79
157
493
413
544
368
658
665
420
573
359
292
890
229
7
121
420
181
935
528
1
517
436
851
759
517
131
863
339
904
620
770
61
113
183
957
482
841
974
254
767
333
546
657
915
906
130
335
439
418
864
441
935
652
644
694
521
775
909
860
679
882
631
93
347
814
402
829
8
377
436
775
710
982
784
977
240
915
313
680
333
529
121
620
181
117
666
702
892
575
915
923
809
546
368
157
712
771
338
720
500
774
495
562
109
632
540
349
547
853
381
232
734
854
852
267
971
518
969
863
445
236
139
255
782
507
764
495
278
102
567
130
229
415
693
338
47
233
39
946
438
421
178
172
275
30
439
599
900
760
462
345
997
953
952
131
461
716
626
91
171
546
222
400
961
915
90
8
148
481
306
938
902
484
110
530
866
901
129
766
661
943
463
10
897
768
142
710
484
120
801
655
666
375
407
627
642
497
987
790
979
293
728
233
129
190
115
995
91
596
113
105
892
929
115
141
697
609
851
533
730
4
541
748
380
948
376
22
446
715
165
777
361
245
10
490
788
478
838
879
74
951
336
966
232
452
107
929
413
310
463
143
315
4
892
47
952
620
421
750
687
938
879
400
184
242
243
324
720
81
555
794
384
892
113
617
696
572
546
109
883
361
605
550
365
497
597
670
469
370
772
156
309
652
557
845
894
800
169
614
233
724
760
969
968
225
586
664
798
485
126
33
846
731
583
564
228
180
234
49
902
358
205
211
10
114
56
904
266
577
870
851
654
983
821
622
208
407
639
358
244
765
391
443
496
974
7
76
506
593
125
409
951
682
972
314
149
381
570
767
958
441
619
964
424
440
587
984
199
578
343
444
695
734
239
191
61
598
619
567
191
96
328
494
130
301
808
279
682
379
47
992
172
666
957
948
458
896
932
657
474
275
453
169
362
44
712
423
642
331
342
833
779
671
680
909
972
840
189
6
571
588
998
743
606
955
43
64
851
976
73
325
603
879
846
317
923
558
740
566
241
435
751
20
106
783
282
430
624
471
436
547
411
434
643
17
390
686
433
241
662
858
919
618
737
117
935
13
28
676
931
269
463
34
642
569
818
924
999
794
747
787
341
158
221
984
527
963
671
960
557
685
818
476
303
908
945
239
273
973
267
204
595
730
238
589
651
408
865
2
202
612
789
896
122
362
880
1
326
903
961
883
941
131
711
596
391
656
187
664
630
806
220
577
888
811
166
539
219
31
893
774
995
682
670
117
397
902
470
723
158
783
958
99
914
669
695
658
677
883
322
659
689
895
236
578
706
402
469
925
433
363
699
780
397
721
897
794
624
719
869
782
502
827
233
417
496
928
427
174
163
101
185
205
996
422
135
702
176
604
980
962
319
31
742
717
753
992
863
729
711
733
511
214
560
96
983
409
24
410
935
540
511
120
745
860
542
880
562
71
836
542
33
156
574
775
873
327
767
736
408
479
469
919
45
382
15
28
791
391
438
726
283
301
846
28
161
741
260
76
812
97
618
845
253
544
972
478
223
740
214
631
571
36
902
616
418
269
644
209
661
434
287
944
87
485
325
601
578
585
677
390
682
647
587
287
192
912
765
767
652
980
399
575
368
653
191
138
923
187
347
936
973
986
880
412
471
557
13
50
143
690
792
177
690
732
817
234
644
582
1
648
914
400
223
282
54
766
420
329
305
119
265
278
457
497
690
281
55
704
683
550
746
475
79
788
559
896
22
555
479
24
203
745
776
778
380
182
896
800
511
201
272
776
831
729
274
522
10
329
578
45
231
676
873
310
465
432
207
487
988
38
863
543
135
640
674
515
822
570
316
334
124
940
462
955
21
88
829
384
769
759
429
0
436
302
311
253
735
870
92
75
260
956
970
395
596
996
911
770
919
579
456
43
519
919
350
892
7
180
276
777
939
706
129
727
360
440
980
447
662
73
522
274
29
845
22
977
193
933
747
112
864
204
155
735
123
858
627
482
38
904
611
977
962
741
705
322
533
37
770
196
110
644
822
491
841
844
468
35
129
216
499
993
772
7
80
895
865
708
729
903
964
341
232
278
82
289
600
615
327
722
163
789
719
986
281
560
830
101
947
312
669
447
305
441
454
386
336
319
446
418
574
762
759
806
40
841
448
992
456
775
67
972
916
786
958
197
698
140
651
998
452
320
445
110
762
251
848
450
922
294
868
496
56
627
654
448
468
102
440
277
229
507
249
146
645
559
695
344
699
