   1   
  2  44545  

3
-4
5
+6
7
8
        9
0
9
    8
07
6
-2147483649
5
4.3
3,5
2147483648

2 5
2147483641
1\4

6/8

44
o
j
j


-32768
-32769

32767
32768

65535
65536

-2147483648
-2147483649

2147483647
2147483648

4294967295
4294967296

-9223372036854775808
-9223372036854775809

9223372036854775807
9223372036854775808

18446744073709551615
18446744073709551616

-340282346638528859811704183484516925440.0000000000000000
-340282346638528859811704183484516925441.0000000000000000

340282346638528859811704183484516925440.0000000000000000
340282346638528859811704183484516925441.0000000000000000

-179769313486231570814527423731704356798070567525844996598917476803157260780028538760589558632766878171540458953514382464234321326889464182768467546703537516986049910576551282076245490090389328944075868508455133942304583236903222948165808559332123348274797826204144723168738177180919299881250404026184124858368.0000000000000000
-179769313486231570814527423731704356798070567525844996598917476803157260780028538760589558632766878171540458953514382464234321326889464182768467546703537516986049910576551282076245490090389328944075868508455133942304583236903222948165808559332123348274797826204144723168738177180919299881250404026184124858369.0000000000000000

179769313486231570814527423731704356798070567525844996598917476803157260780028538760589558632766878171540458953514382464234321326889464182768467546703537516986049910576551282076245490090389328944075868508455133942304583236903222948165808559332123348274797826204144723168738177180919299881250404026184124858368.0000000000000000
179769313486231570814527423731704356798070567525844996598917476803157260780028538760589558632766878171540458953514382464234321326889464182768467546703537516986049910576551282076245490090389328944075868508455133942304583236903222948165808559332123348274797826204144723168738177180919299881250404026184124858369.0000000000000000


sfsf
44dr6dgdfg5

